.terminate_on <- c(100:407, 409:499)
